[0, 2896, 5369, 8241, 10913, 13576, 13916, 14250, 14743, 14914, 15076, 15415, 15587, 16200, 21421, 23933, 24088, 24263, 24602, 24930, 25599, 25765, 26098, 26270, 26920, 31950, 34098, 37278, 39442, 42606, 44779, 47953, 50131, 99999999, 99999999,],
[0, 4313, 8568, 12755, 17828, 18884, 19455, 20346, 21565, 23128, 23665, 24600, 25873, 26474, 27014, 27468, 27986, 28381, 28792, 29292, 30150, 30572, 31145, 31456, 32267, 32897, 33190, 33417, 34156, 34765, 35275, 35953, 36081, 36185, 36351, 36743, 36892, 37259, 37397, 37734, 38450, 38961, 39289, 40187, 40435, 40551, 40952, 41112, 41443, 41611, 41771, 41993, 42163, 42609, 42853, 43187, 43711, 44389, 44761, 45191, 45159, 45269, 45429, 45621, 45805, 46052, 46505, 46865, 47087, 47385, 47970, 48583, 48827, 48985, 49307, 49524, 49880, 50028, 50176, 50420, 50600, 51361, 51454, 51599, 51872, 52013, 52146, 52356, 52514, 52652, 52782, 52919, 53444, 53589, 53862, 54003, 54136, 54271, 54504, 54643, 54772, 54884, 55030, 55519, 59667, 61790, 63873, 99999999, 99999999,],
[208, 6831, 13524, 20172, 28480, 30880, 35861, 37518, 39215, 42535, 45876, 49232, 52423, 55879, 59230, 62579, 65937, 99999999, 99999999,],
[1041, 5193, 9980, 14118, 18859, 27750, 31901, 36632, 42004, 47165, 56658, 99999999, 99999999,],
[0, 4771, 9433, 14105, 18483, 21956, 26040, 30583, 35150, 99999999, 99999999,],
[0, 3195, 8490, 11617, 16961, 20953, 25527, 25774, 26175, 26689, 27582, 28155, 28681, 29746, 30347, 30925, 31859, 32326, 33040, 34268, 34609, 35223, 36104, 36626, 37127, 37456, 38470, 38861, 39285, 40310, 40894, 41404, 99999999, 99999999,],
[205, 5177, 10284, 13097, 18036, 23393, 28050, 31968, 32667, 34706, 37642, 39638, 99999999, 99999999,],
[96, 4708, 8048, 12775, 16430, 20239, 23933, 24877, 28256, 31982, 33085, 36357, 99999999, 99999999,],
[148, 1028, 1483, 1984, 2839, 4971, 6406, 6918, 9589, 11100, 15062, 16623, 18952, 20638, 20991, 21345, 21676, 24543, 27214, 29707, 32480, 35155, 37973, 40612, 43332, 48586, 51349, 53990, 56596, 59371, 62094, 64773, 67436, 99999999, 99999999,],
[706, 9736, 19405, 19494, 19644, 19698, 19769, 19877, 19958, 20103, 20174, 20292, 20406, 20486, 20569, 20750, 20863, 21033, 21143, 21237, 21331, 21420, 21515, 21608, 21779, 21883, 22032, 22105, 22338, 22411, 22492, 22585, 22722, 22797, 22928, 23007, 23089, 23205, 23351, 23454, 23538, 23620, 23733, 23955, 24071, 24333, 24565, 24964, 25261, 25530, 25656, 25796, 26132, 26368, 26710, 26988, 27288, 27445, 27592, 27697, 27870, 27963, 28173, 28262, 28340, 28473, 28662, 28764, 28836, 28934, 29030, 29227, 29320, 29410, 29523, 29639, 29802, 29912, 30002, 30104, 30185, 30378, 30488, 30677, 30892, 30963, 31140, 31293, 31368, 31464, 31550, 31676, 31749, 31813, 31930, 32291, 32345, 32437, 32589, 38353, 38441, 38504, 38579, 38639, 38753, 38833, 38897, 38982, 39028, 39088, 39166, 39277, 39334, 39400, 39469, 39527, 39625, 39696, 39761, 39833, 39964, 40068, 40140, 40219, 40367, 40414, 40588, 40641, 40729, 40806, 40883, 40921, 41030, 41100, 41261, 41300, 41365, 41450, 41621, 41667, 41728, 41807, 41927, 42031, 42105, 42200, 42274, 42328, 42378, 42442, 42538, 42627, 42693, 42749, 42841, 42965, 43117, 43178, 43269, 43319, 43375, 43446, 43488, 43572, 43664, 43805, 43873, 43999, 44092, 44134, 44202, 44348, 44443, 44515, 44680, 44744, 44807, 45012, 45063, 45130, 45318, 45398, 45521, 45686, 45934, 46039, 46211, 46272, 46346, 46461, 46582, 46725, 46785, 46905, 47008, 47077, 47143, 47232, 47297, 47379, 47457, 47521, 47677, 47730, 48036, 48312, 48377, 48539, 48596, 48745, 48815, 48898, 48988, 49049, 49111, 49173, 49268, 49418, 49504, 49630, 49691, 49780, 49860, 50018, 50076, 50124, 50175, 50245, 50336, 50472, 50604, 50629, 50709, 50773, 50873, 50953, 51114, 51191, 51285, 51374, 51446, 51550, 51590, 51645, 51702, 51819, 51960, 52053, 52133, 52193, 52314, 52388, 52462, 52528, 52599, 52668, 52739, 52797, 52890, 52950, 53085, 53200, 53275, 53508, 53562, 53634, 53724, 53836, 53886, 53949, 53995, 54168, 54316, 54396, 54501, 54582, 54681, 54751, 54865, 54929, 54981, 55187, 55232, 55348, 55394, 55535, 55607, 55691, 55777, 55844, 55914, 56124, 56187, 56337, 56392, 56453, 56643, 56794, 56847, 56945, 57005, 57089, 66415, 66528, 66638, 66729, 67017, 67095, 67239, 67308, 67559, 67660, 67766, 67865, 68164, 68298, 68362, 68490, 68775, 68971, 69346, 69644, 69867, 70142, 70208, 70531, 70643, 70729, 71123, 71217, 71286, 71434, 71664, 71769, 71857, 71972, 72052, 72185, 72277, 72465, 72536, 72730, 72827, 73041, 73258, 73332, 73433, 73557, 73649, 73729, 73803, 73877, 73964, 74268, 74333, 74334, 74536, 74625, 74743, 74910, 74999, 75048, 75106, 75203, 75291, 75312, 75400, 75458, 75576, 75706, 75776, 75837, 75908, 76055, 76264, 76333, 76515, 76571, 76650, 76736, 76806, 76876, 76945, 77099, 77150, 77201, 77403, 77470, 77588, 77649, 77738, 77816, 77923, 78021, 99999999, 99999999,],
